4.170018926235684598e-01
3.710120362418531936e-01
1.479980994187018173e-01
2.751202512878957451e-01
5.019592085873537668e-01
4.297205296448356471e-01
1.067366271896581786e-01
2.309695455035965239e-01
1.284491253125386312e-01
4.719012810722664208e-01
-5.107353109442092087e-01
-5.208611379457758206e-01
-4.195473749903924632e-01
9.121105589164477112e-02
-9.621564298160342754e-02
2.087164344386216175e-01
3.012259565733161892e-01
4.470867461058420367e-01
2.991159353448923919e-01
6.272752964139327592e-01
6.108293983039069230e-01
7.287740487777647491e-01
1.025726557787778326e+00
7.759010655764412290e-01
8.214144253364458192e-01
6.756639741260985765e-01
7.549642559584192059e-01
5.040664429873212837e-01
4.607002808612061795e-01
4.882942226137470532e-01
3.376900332633101520e-01
7.404911813784057495e-01
4.511023093259129424e-01
5.001324770309464318e-01
6.198781771661765472e-01
2.624764057873692491e-01
5.715122668517813587e-01
5.246008062043222564e-01
4.140563823977071456e-01
6.859260909856703670e-01
7.307894123483359428e-01
9.047683764145806329e-01
7.740930643456170879e-01
3.554049555057881560e-01
4.619479797681227962e-01
1.523164898458433947e-01
3.530640447532042425e-01
6.716841749577624476e-01
4.954894414816651826e-01
3.936370071877404175e-01
3.257017308741428918e-01
2.688527583841860968e-01
-2.497269385217352339e-02
5.454498657681026152e-01
1.851528731064618349e-01
4.630796773520016174e-01
2.573616923922345534e-01
9.721215108366355884e-02
8.286029816859402652e-01
6.860237568042405476e-01
7.513265554565913273e-01
1.021682057758099837e-01
1.710535292147105646e-01
5.962388058747585678e-02
4.007884148628983456e-01
7.747757887553409495e-02
1.265734959037963792e-01
-1.740632938296089172e-01
-4.362147346664290715e-01
-1.591704093898714534e-01
1.608942553802447661e-01
-2.889711085596366469e-01
1.186295212301780033e-01
2.036440057161704453e-01
5.968591288310718390e-01
-4.835099695742242631e-02
4.157791347692647022e-01
4.072157225551253923e-01
6.156059826975307514e-01
5.726351727600563768e-01
6.273564976944426830e-01
8.475799782811095362e-01
7.401065310258144736e-01
3.920590167939086990e-01
8.190451814590165025e-01
8.140350973677400459e-01
1.063121234344462263e+00
1.056150843090412739e+00
1.041124506760117363e+00
1.072711400996073428e+00
1.145074068618642249e+00
9.312599438710940092e-01
8.088148327013954253e-01
9.744784796947859595e-01
3.559713519349508859e-01
3.005208127061511081e-01
4.874385214473153649e-01
8.088767243675202279e-01
6.626737787306723471e-01
6.858625882753182079e-01
8.901993533657632796e-01
6.522318936616990914e-01
7.354350120038776195e-01
6.351679010395973046e-01
6.679322651162535873e-01
1.246250893023586714e+00
1.454055230638860774e+00
1.403028819797800031e+00
1.260835300169690809e+00
9.915585031775123737e-01
9.071918835866579212e-01
8.441196489284337190e-01
1.167594627947319719e+00
1.375920273562040441e-01
-5.640273154361151453e-02
-2.405431326465332920e-01
-3.523398323872208027e-02
-2.323648799409700275e-02
1.723178785848099304e-01
2.521384032134484920e-01
2.237424416710997455e-01
-5.202804414583846182e-02
-2.135201096134160814e-01
2.715829490647079236e-01
1.336878625374347263e-01
1.666477522622642482e-01
3.462223903862494678e-01
5.882237002535143366e-01
6.204295483597122018e-01
4.009421483798443209e-01
7.841368966697329634e-01
1.236764349860342893e+00
1.369327332935309727e+00
9.894552483029509515e-01
1.208585780439078938e+00
1.170258248546202973e+00
9.515458164932846241e-01
6.798594276548771687e-01
1.101757118221371679e+00
6.362073966189519814e-01
8.982103053020731309e-01
-1.066073922484797709e+00
-1.277339751112350985e+00
1.809393462903408079e-01
8.317903599076155174e-01
-1.301010000620518303e+00
7.633992501758604110e-01
3.156992402732345382e-01
9.535849005060581529e-01
-2.448123450976817050e+00
-2.658554026034901430e+00
-1.288637906771950226e+00
-9.395174771463494778e-01
-2.067974601913884936e+00
-1.889650308884873731e+00
-2.801438994412153605e+00
-2.379786019163525612e+00
-1.811352404812025974e+00
-1.741616710783915778e+00
-2.607488019913942079e+00
-2.865298629278227427e+00
-1.661735645242365722e+00
-7.925574304607195808e-01
-1.688875676134496684e-01
-8.064319002271495840e-02
2.347462353616759645e-01
6.127369476216822930e-01
5.285127847528946488e-01
5.208107189303989859e-01
6.604875267958904006e-01
1.118220991542761444e+00
8.827276844225095953e-01
2.984792777992218427e-01
1.028179823256281100e+00
1.167609130295337749e+00
9.739554053908475728e-01
1.176712872921671815e+00
1.367070122645005270e+00
3.562872283291506070e-01
9.702551869969069376e-01
7.419538124562756742e-01
9.889560818964765465e-01
9.824702308178160370e-01
2.360933552846571915e-01
7.725138553374920614e-01
8.910712238324483003e-01
1.007172249103898354e+00
1.422316238798873866e-01
6.354381990033907135e-01
4.925462829218690830e-01
5.803630472275671526e-01
9.175974148219658844e-01
7.026124343281641149e-01
3.749334969621610503e-01
6.063072533784004126e-01
3.239831056178628099e-01
1.808678932578824672e-01
4.206003087926602491e-01
-6.054706586178383310e-01
2.539482146182500122e-01
-1.801025587720345156e-01
2.528743139605266754e-01
2.580715648335514256e-01
-2.022876779985985918e-01
-3.229024950268517546e-01
9.591461192596235918e-02
-3.524862593725864857e-01
-9.366161195515643190e-03
-5.719661092527421609e-01
-1.019760316191681504e+00
-2.633850132167157909e+00
-1.266378734840016618e+00
-3.927662790286404193e-01
8.165276808069901748e-03
-2.206918979108209722e-01
3.217874108475419770e-01
3.202107307451773632e-01
3.401018442244015949e-01
4.566315423747638880e-01
4.254561287787640977e-01
6.260681114301489547e-01
7.540193829759809230e-01
-9.839903585984426104e-02
-2.274808250720771863e+00
-5.962792317118404961e-01
6.793636628768813246e-01
2.607930615587945034e-01
7.357970821045997090e-01
4.837272166259277140e-01
1.000945019685980653e-01
5.814979671408706911e-03
-9.034698273179725403e-01
-2.120729658343265100e+00
-1.933725731423405092e+00
-8.955232533179664500e-01
-6.958499635497535918e-01
-6.400332579570913172e-01
6.578608800510339638e-02
-2.344149816319225088e-01
1.137065579177214958e-01
4.473414076847557208e-01
5.144403884690214035e-01
-8.650488134782655658e-01
-2.388480684193306391e+00
-2.305903815786427558e+00
-1.269905828522115199e+00
-1.070840296405287440e+00
-8.010234123231959602e-01
-7.811275085751494540e-01
-3.767000262534394572e-01
2.055219479833062524e-01
4.817693016932912964e-01
1.554156546220836765e-01
9.421388800562933985e-02
-1.114626576051806373e+00
-2.068481643058507069e-01
1.191217069241121140e-01
4.779106993011419946e-01
-3.786397413956396063e-01
1.651196368105470880e-01
6.357486033674472799e-03
1.975583742341204541e-01
4.360246574275092324e-01
8.142323968887078822e-02
-2.390297802944652689e-02
7.953272391999917090e-01
8.048420357334455932e-01
2.545250392756401303e-01
2.709440771158123096e-01
-3.586139925075743640e-01
1.397411678380650890e-01
-4.031701393891342078e-01
-2.316574500296928081e-03
-8.179693846443203409e-02
-3.718704057152913967e-01
-7.323723943581558204e-01
-8.573376158718219731e-03
-6.525023725714609313e-01
-8.071031252807063794e-01
-1.211698589182915731e+00
-7.333195138051137318e-01
-1.063091607961933027e+00
-1.040028623032814181e+00
-1.244499436817614990e+00
-9.537768378747726317e-01
-1.145956319486619135e+00
-6.838607647569320269e-01
-1.369211159506848394e-02
-3.462426648678086638e-02
-1.224268402517241006e+00
-6.995711658168400904e-01
-8.151174568717155511e-01
-3.820390953872163792e-02
5.253968637238521922e-01
6.335139942398197721e-02
5.594599730319053943e-02
2.096724583335919934e-01
5.710678682520429206e-01
5.978057850777142024e-01
6.749937526340196170e-01
2.771684525655805920e-01
6.993424739754993125e-01
7.493144119968953021e-02
-9.641493757794959985e-01
-1.513961402880096729e+00
-2.572482675054246215e+00
-1.068591494830708699e+00
-2.612018147902162912e+00
-4.193477325334121764e-01
-2.612072717960051360e+00
-1.371913802951705286e+00
-5.388927690525402436e-01
-8.393117370250988696e-01
-1.734890551408801163e-01
8.433677426587399273e-02
3.457776547583534671e-02
4.924007654092583675e-01
6.684918994270001580e-01
5.494224454455128859e-01
1.278355714810268384e-01
3.809621582717648836e-01
5.973667308769857742e-01
7.820562016920215020e-01
9.672058871694040327e-01
8.037745339314117388e-01
4.606903329917672041e-01
-2.330772726925715688e+00
-6.072214092303168664e-01
3.159800847948783242e-01
-2.618973953916863273e+00
7.776312778933244796e-02
4.169734457568518571e-01
1.840688521217919982e-01
2.198954271000517213e-01
-1.973455896687332511e-01
-1.694494566090907484e-01
2.660651977547333069e-01
3.353646680822112702e-01
4.770371555551316534e-01
2.158762687479857112e-01
2.425294618842529226e-01
6.888617111379746749e-02
5.288219197479607780e-01
7.354999925921672510e-01
3.357937081920800981e-01
6.504213283387081379e-01
7.911247704663729730e-01
3.371538551136512574e-01
3.637949582631475054e-01
1.914239299619130419e-01
2.101265200277717959e-01
3.279099035697302655e-02
2.733940699678999997e-01
5.529109698178441556e-01
-6.081028575870932595e-01
-2.879602796818601651e-01
3.755237850841370295e-01
-3.825411630260286966e-01
-9.369529067385871934e-02
9.828760393985914723e-01
1.333772290810244954e+00
-5.583614601091558827e-01
3.022610764195471922e-01
7.941928825648829626e-01
2.176705560194608924e-01
9.494415882135257556e-01
7.666429906138058081e-01
4.139998490607624260e-01
-4.698434263909998659e-02
7.321107431407131161e-01
1.761437138371483080e+00
2.430872439380400152e-01
3.779026188971383315e-01
6.715612669012480662e-01
6.009171842599904112e-01
1.102118124819870149e+00
7.631246397780815371e-01
1.252246126922217151e+00
9.341274392403735582e-01
2.406982180629333723e-01
-2.261666804302874534e-01
4.675546658813742873e-01
5.726995835490948927e-01
8.328763364747904241e-01
6.495404602093324264e-01
3.422042745366066785e-01
5.751538906198663259e-01
9.185149345208289962e-01
5.506428198110827621e-01
7.296209511566135175e-01
7.933594550825469049e-01
4.010299859727470828e-01
4.415135679065702035e-01
4.168305816267727226e-01
6.056895808065779763e-01
-5.001203651263803618e-01
3.317050441106758618e-01
6.361257872660170953e-01
8.416664952794621346e-01
5.691620961812312585e-01
1.516321742112934912e-01
-4.539653587722456418e-01
-2.434444434092736531e-01
3.882403669346162212e-01
6.861060599907492508e-01
-1.174696111603526077e-01
6.280131412795152135e-02
2.751578606762050336e-02
-3.215128155136652843e-01
-1.815699911338169326e+00
-1.189885205065694729e+00
-4.795402444409604947e-01
2.251905481842781387e-01
3.098912714113037925e-01
1.058875243195919573e-02
-6.315795347755104316e-01
-4.766962391366446061e-01
-8.311992332647743370e-03
-1.121585643810581595e-01
-1.758267253237992600e+00
-5.100268786413997280e-01
2.792420715018858468e-01
1.503378974486256070e-01
-1.402500285841185468e+00
-1.175929988829853778e+00
-1.344436821606144861e+00
-1.004949139171307682e+00
-7.951972504667855768e-01
-1.204169786469048153e+00
-1.678410290672815330e+00
-2.211773136238254001e+00
-2.639049482063979823e+00
-1.342730767166940842e+00
-9.094339823059823802e-01
-3.899709388924417208e-01
2.039838209118611037e-02
-4.350529489491449797e-01
-5.396288468038127339e-01
-1.273387187574660961e+00
-8.435673585103378169e-01
-3.952345403013281244e-02
-9.260208017371296396e-01
-5.558092823255278425e-01
-1.389695075650520528e-01
3.040371784700403590e-01
3.707318838735636501e-01
1.200973382437002523e-01
-5.391251252877546918e-01
-1.142313235428272650e-01
4.643838148028974766e-01
8.399554756667644284e-01
6.716043725593705549e-01
7.934235424275012383e-01
5.174419151258456973e-01
5.683032584232725615e-01
7.188459704831987596e-01
4.060055860731376365e-01
7.806407253429717974e-01
6.432654348462145677e-01
3.333696499372764688e-01
-8.654496018177433303e-01
-1.834704682852526192e+00
-1.038569180974474149e+00
-1.165617662752242989e+00
-1.608925775182146189e+00
-8.508280334461527650e-01
-9.488438648884617299e-02
-9.095257706584745083e-01
-6.334431971784706406e-01
-6.228730101163779675e-01
-6.590853968991745582e-01
-2.467005707645822721e+00
-1.438027908659626597e+00
-7.989014761526009867e-01
-2.248718795572931042e-02
-5.851741138746430204e-01
-1.680260005143212165e+00
-1.294301673115175078e+00
-1.377432272475720865e+00
-2.371240062881385224e+00
-2.326387448541306302e+00
-1.537940468967548435e+00
-2.580285509308641867e+00
-2.581752555777659719e+00
-1.235977604718039968e+00
-4.555858792662852846e-02
2.396044538260183876e-01
5.530992256925365558e-02
-2.326232014162710748e-01
1.663873581624189246e-01
-3.444406628594118835e-01
-1.743699112647032479e-01
6.115958351074146648e-01
4.995528020766366040e-01
4.678222856122802864e-01
6.752227135654002010e-01
3.891985936736979679e-01
4.333219510910804040e-01
3.764340961976798128e-01
3.546259957348614766e-01
4.176625051127241806e-01
9.690875863121926892e-02
-2.024145910942691806e+00
-1.173131107778250692e+00
-8.003334644146751220e-01
-1.958087007288227543e-01
-6.652214389017034124e-04
-1.044273465881523366e+00
-7.857849632680666829e-01
3.381678435264694471e-01
-3.391133738266738917e-01
4.320043679075081244e-01
6.029344472635087548e-01
-4.792844818022133913e-01
7.402005029551632642e-01
9.636379607718671414e-01
1.113074253759863241e+00
1.276468628754625634e+00
1.182468744473130773e+00
1.201089078532930898e+00
9.284963712424477711e-01
1.045963460736766271e+00
4.962556524357726873e-01
-1.392615436402744322e-01
-1.374662662413030922e+00
-8.435726448961976542e-01
2.140189865756983167e-01
6.747423365295243114e-01
-1.958084777066016136e+00
-7.898750450445651827e-01
-5.885044055685707542e-01
6.004577400054724595e-02
5.463452993010824432e-01
2.231468298716739462e-01
-1.903959609390449836e+00
-2.537949001928552661e+00
-5.976239564400519511e-01
-1.789821393734646993e+00
-1.307732969852559490e+00
-2.124374618414031080e+00
-2.892062616344580395e+00
-9.214768390180040347e-01
-4.774320604043560401e-01
-1.181484776475045795e+00
-6.500134342127271425e-02
5.258028003759324109e-01
5.397662580453335135e-01
1.144047564728642441e-01
3.666826288974266435e-01
5.664296197693037271e-01
-1.330419168421790310e+00
-4.566409784299573227e-01
-6.220438536832757770e-02
-3.715001665542920217e-01
-7.215655489898530339e-01
-2.527176248161766114e+00
-2.736706506921263049e+00
-2.123227150715911282e+00
-1.356083518742443594e+00
-7.967406316256253618e-01
-3.305904493290559021e-01
-3.019702396208739370e-01
-2.419180881712476694e+00
-1.086088975015627511e+00
-3.691185072985374571e-01
1.270741787723043970e-01
1.999909903587557547e-01
3.955173628389033191e-01
-1.179530905920447847e-01
-9.106084046309503854e-01
-7.456059491568877151e-01
3.224399838746599967e-01
6.162475372718480005e-01
3.656632073719157106e-01
6.112342519154037035e-01
-1.797331447961793560e-01
1.568343518771896650e-01
6.889866422075886787e-02
1.691970227819466488e-01
-2.336263781463547920e-02
-4.543980626249673471e-01
-1.718082330783240907e+00
-1.904156574221371967e+00
-2.742070366707754836e+00
-2.402067379845384654e+00
-1.318341775743899547e+00
-9.895080929680413195e-01
-1.732753586625873643e+00
-2.217010599846050756e+00
-1.208398436201868265e+00
-1.805443666094655120e+00
-1.983986285890720236e+00
-1.850407188315899010e+00
-2.327575709097124967e+00
-1.387031414136262075e+00
-1.822577575783534409e-01
-6.308990928685321853e-01
-4.247368085046061559e-01
-3.040470477242502301e-01
-8.808597468663894592e-01
4.187025537103392647e-01
-2.797801117874711974e-01
3.743870187120337811e-01
9.797720632824046261e-01
9.279150338239606777e-01
3.065746399099936736e-01
-2.074806462568531407e-01
-1.177644726351077864e+00
-5.260462718984394437e-01
1.712571704267297880e-03
8.888102754001532546e-02
2.309918672048447141e-02
-3.616662154002114327e-01
-1.292648941879379398e+00
-2.389280806990922823e+00
-8.166629429061332823e-01
-1.033495013881273961e+00
-1.011412987399637808e+00
-6.383492153608391062e-01
-1.385449595345455087e+00
-2.688391924261291699e+00
-2.677964498021051298e+00
-1.092716621863439430e+00
-8.515766053673962110e-01
-9.992873960588402049e-01
-2.008163339656134916e+00
-1.247966224466546592e+00
-2.424552060119144592e+00
-2.400477823473013306e+00
-2.356255266954506489e+00
-1.276940624878825314e+00
-1.390201246748566488e+00
-1.878538364948507011e+00
-1.682641223213822146e+00
-1.856172184363508615e+00
-8.894974689301333726e-01
4.325148621559687934e-02
2.148504581121417067e-01
2.098935110561818140e-01
1.342954376861302812e-01
3.254263662003097357e-01
1.195128340118365301e-01
2.044240352803881611e-01
1.876051782667345069e-01
-9.758871149675000245e-01
-2.971064173934156116e+00
-1.110606830631569286e+00
-6.552977999642120022e-01
-9.912065364590558758e-01
-1.000624930149341951e+00
-9.118208424549786306e-01
-3.897218610311923848e-01
-1.029218928062873406e+00
-1.308042831298188213e+00
-1.376167315470167463e+00
-2.234929790901581725e+00
-2.794328037146804888e+00
-2.682386339755269411e+00
-1.935698484541878983e+00
-1.045370061883080570e+00
-5.929016453009310350e-01
1.587284946068649449e-01
-8.445766154273993964e-02
2.475480448938482611e-02
2.377862124806053856e-01
-6.450602081348089101e-01
-4.694295801063870510e-02
-2.780687496055915808e-01
4.054139729899728928e-01
-2.596050922211709869e-02
5.999891773425988228e-01
-2.565668854044883540e-01
4.014408784444729039e-01
5.117643069491215613e-01
-2.134585566639937149e-01
9.309185987843861254e-02
4.435907133121345103e-01
3.747181927565786386e-01
-4.066378192470501141e-01
-1.322232634311788779e-01
2.008882617848423147e-01
3.820757165812579959e-01
4.834362526730652254e-01
3.496308394190950075e-01
1.884135418600129119e-01
-1.956994994654209508e-01
-4.967323495958829160e-01
-4.873890129557658102e-01
-1.404897478902814023e-01
-3.039137822047899978e-02
3.754480948816171781e-01
4.019228780536968637e-01
-3.275533641025377141e-01
-6.619519537473375070e-01
-2.105703358752779586e+00
2.783914972679522037e-01
-4.819970535300887038e-01
1.763782934802542446e-01
4.736759772976395673e-03
1.890953381319750437e-01
-7.970620467675023635e-01
-9.990441565238388222e-01
-9.780442068749587436e-01
-1.545337002077580291e-01
-4.441820786391415532e-01
-2.048580407964389893e-01
5.575452179739339570e-02
3.134272815899534770e-01
1.917258261684088305e-01
1.825709606496843940e-01
1.991414471593456748e-01
1.809978957009688305e-01
1.173742535011560312e-01
3.263286170602322511e-02
1.124944046467862835e-01
2.076146886748892750e-01
3.507538298485909367e-01
9.976999431250987982e-02
-2.687536850389564691e-01
1.483711067708329834e-01
3.671327908694849707e-01
5.630123855211619649e-02
4.147648151164929492e-02
-1.540053769636909320e-01
2.406249697475288940e-01
-2.322506723266365147e-01
-2.014869085078319771e-02
3.414456258441690706e-02
6.141752074799283756e-02
-1.160331016952929950e+00
-6.890867707899296368e-01
-6.823834613667659754e-01
-2.402588256998797467e-01
-5.939829383633685178e-02
-2.498990927168581039e-02
-1.184285793050045416e-01
-3.876205845980998377e-02
-6.441060677536024348e-02
-6.559439453127446917e-01
-8.234381333954267079e-01
-5.764511888717742671e-01
-1.454756847393580577e+00
-5.888617292552191795e-01
4.139755663745655623e-01
7.851854351789809561e-02
-1.698758893128770320e-01
-9.548861389782516973e-01
-1.377046885472255511e+00
-7.080810618248987165e-01
-1.725679735650945679e-01
6.796456580627277533e-02
-3.896770691153386146e-01
4.341393185341432120e-02
-5.975132358349095618e-01
-2.619085388903257261e+00
-1.721595904150475143e+00
-8.207575101955785213e-01
4.721551774547849689e-02
7.070509656870560544e-03
4.175995737446890899e-01
8.537286171082378305e-02
-2.360834916300019737e-01
-1.605576802997284724e-01
8.173101216808766056e-02
4.914116140182292480e-02
1.374191254481265875e-02
-7.265530773363706452e-01
-1.320413175292656671e+00
-4.595263210301808732e-01
-5.495511369375960520e-01
-1.172222181314123458e-02
-6.719924374681160439e-02
-4.318375780067454928e-01
-1.951415262751819979e-01
-4.241444018949311889e-01
-2.463175688028808707e+00
-2.512459335678553618e+00
-1.447988127336341746e+00
-8.831548068571146159e-02
-1.466613986452318559e-02
-3.489069002686055465e-01
1.975677530573416441e-01
4.190052054838970252e-01
4.942675783490597663e-01
7.375524141980124848e-02
-5.516904329784362293e-01
-6.060870562058757738e-01
-3.252592129251068442e-01
-9.356694519243340391e-01
-2.416209794889371931e+00
-1.249643033636750777e+00
-1.349545335250977418e+00
-9.766669056091258350e-01
-1.773626461277438837e+00
-2.362128101316272488e+00
-1.876107414644649252e+00
-2.269421170281126443e+00
-2.305478203762635125e+00
-1.161896265606385592e+00
-3.739656490103388520e-01
4.806946046340151990e-02
1.482383177337005808e-01
2.924142338010300990e-01
1.566611032179139884e-01
1.986527225476571526e-02
-9.235501382267627957e-01
-8.781267096101511571e-01
-2.811476051961084299e-01
-2.317471129586905535e-04
-4.764718087591934270e-01
-2.134814918019876551e+00
-1.037841446573969817e+00
-3.114796659939310097e-01
7.709965553239321590e-02
4.173158755842830692e-01
3.468441319924417954e-01
2.039863035058509799e-01
5.172309174736170467e-01
6.138061752027693663e-01
7.416386037999750380e-01
7.536947063335466268e-01
3.804588484781936675e-01
6.447535240338968521e-01
6.942625564873547983e-01
7.529881449443541763e-01
-1.614681984809071894e-02
3.805017435350772081e-01
5.285706333099705612e-01
4.080226145138364791e-01
4.478917506447149810e-01
2.523303937252182050e-01
8.699134772409049254e-02
4.519430532585264615e-01
4.312138685695040552e-01
1.287504872831015182e-02
3.898526669990365900e-01
-8.438508361772430189e-02
1.942942883272523735e-01
1.353266321227102331e-01
-2.023799898458483459e-01
3.831252303183201868e-01
4.607081218885282770e-01
5.697709717896217718e-01
4.647273060759748997e-02
-3.651376099340179482e-01
-7.365366016886588929e-02
-7.098647593450128079e-01
-2.440620597138461800e+00
-2.331979288141014184e+00
-1.369426835414808252e+00
-1.471512183686014330e+00
-2.636550513204269031e+00
-2.714086752297228511e+00
-1.148684739556676382e+00
-2.801248954228942045e-01
-5.245682786002436870e-01
8.628451653440105673e-02
2.900690866484485486e-01
1.377746860615016999e-01
6.105958906148085258e-02
-9.371131121539140185e-01
-8.536400690207317510e-01
-2.995647762066723230e-01
-1.204655851076499029e-01
-2.706582006792488948e-01
-1.560636894319550327e-01
-4.863425524990972471e-01
-4.252309248001510250e-02
-1.176419569083529335e-02
-7.526575433539552940e-01
-1.456150182490780542e+00
-8.630323278553274635e-01
2.133400729001841412e-01
-1.052521835826487062e-01
7.651661427028866314e-02
3.582689081491849947e-01
7.132551385371259656e-01
-2.488365385966440774e-02
-1.195843797393737917e+00
-2.994169489331605649e-01
2.263704651250044234e-02
-1.205044964277697916e+00
-2.465452331410769304e-01
9.485680100954693716e-02
-1.385898355998596010e-01
2.132863220462770104e-01
-7.681302646322270278e-02
-3.023643215974897505e-02
1.033411877358808434e-01
2.736454018949144307e-01
1.270774263084626099e-01
-1.306377458423785103e-02
4.750337078942454272e-01
4.282048422904009138e-02
5.680532516657086500e-02
-1.168428999733431006e-01
3.970353336536612196e-03
8.254962260864460999e-02
-1.471247638387633394e+00
-2.780570027143942191e+00
-2.514494338428979514e+00
-1.131838392696008500e+00
-1.136931960538323239e+00
-1.924286839777060443e-01
-5.096178495531824559e-01
6.127825879891762167e-02
2.412830265132594621e-03
1.409909824001236711e-01
-1.233049821227398812e-01
9.691656272278480200e-02
8.793935744149816713e-02
5.272166092113358959e-02
-1.053414461001983771e+00
-5.039502077585885642e-01
-4.844369619546725625e-01
-1.356786288666185669e+00
-2.260025692427805044e+00
-8.744285784974822340e-01
-2.891516158467106190e-01
-7.917276599080363964e-01
-6.264422519346183327e-01
-2.086215321917503474e+00
-2.426762394801879275e+00
-1.415046818690755215e+00
-3.657948163243709416e-01
-4.491160618657191184e-01
6.791625684263849819e-06
-5.501059573533226832e-01
-2.556222145103195231e-01
-1.696333968106315537e-01
-5.254567694952211147e-03
1.633677217618104416e-01
2.944894895446669159e-01
-1.192648733832303520e+00
-4.409650195690377750e-01
2.507450545643843398e-01
2.214922327423921589e-01
1.522704245770618026e-01
-1.377068033521888502e-01
-3.966948516763986743e-01
-6.333845221822498317e-01
-9.553539507644468465e-01
-6.578481276612122564e-01
-4.105186664428550625e-01
-3.299309171738485369e-01
-6.212297099628835140e-01
-2.968573059496824595e-01
-1.537356812887729907e-01
2.231026504407697397e-01
8.069977743749849886e-01
8.603699319050746031e-01
7.439057122968509850e-01
6.673524365277759829e-01
8.347248705116450118e-01
4.052943547092555665e-01
-3.216397231310919730e-02
1.134241799615066798e-01
-1.090068890102147414e-01
-7.385838257176967625e-01
-2.587293208894806892e-02
1.494541080377060661e-02
1.427587553080893745e-01
4.632111400774022170e-01
5.123859969555247806e-01
-1.287225723907900798e+00
-1.631466801832828217e+00
-1.456217101533605618e-01
-1.182529546245014718e+00
-1.189432344567257660e+00
-7.830247709132389655e-01
-1.217683432317433700e+00
-9.004522343287603148e-01
-3.825944683049270489e-01
-2.337856762631979057e-02
-2.020095102093188988e-01
-5.473667683368801384e-01
-1.019770073786445463e+00
-5.858023151517416371e-01
-1.820895005667075406e+00
-2.624083543347296210e+00
-1.192014213745461459e+00
-5.358979252241156122e-01
1.484476003874048711e-01
-3.715011716555481625e-02
1.122865894978832685e-02
1.209878882553311330e-01
4.844863388031776519e-01
3.212252192040049303e-01
7.914324416165520806e-03
-1.345730673593230620e+00
-2.136668047840992735e-01
3.861629277622831702e-01
1.247286764624375016e-01
1.222321585243822673e-01
-7.272677661277924255e-01
-4.052756519357884057e-01
-3.245266058969625278e-01
2.291679930775225582e-02
1.799801762567829200e-01
1.304324759955077795e-01
4.706225298245830801e-01
3.011713462924037743e-01
1.634447361145736910e-01
-8.616833683180882830e-02
-1.125157686824194425e-01
-1.114416070050550933e-01
-2.127538060834059386e-01
2.268079109629113910e-01
2.046942904772691973e-01
5.249489367400813622e-01
1.062896879438571390e-01
5.105868266592497040e-01
1.051138861870027252e+00
1.230919814529883860e+00
9.644661344170342154e-01
1.120827826592408538e+00
1.299362873330148327e+00
-9.648191033125382010e-02
6.050533092154664061e-01
5.578719520012491717e-01
4.710317161890873461e-01
2.860960519592203877e-01
2.208132530893815726e-01
5.572070895511037625e-01
1.935019332157465743e-01
-1.131054158748971972e-01
-3.062182688685237131e-01
6.631431401160646499e-02
-2.599004870703130354e+00
-1.495246304205110288e+00
-1.468114808727575271e-01
-9.450496590585434620e-02
2.905422893793315198e-01
4.295189125044264200e-01
6.397453543460505099e-01
-9.768069545601379966e-01
-2.370901486029386884e+00
-5.610753088795359389e-01
-1.395750140309638843e+00
-1.553921692769003382e+00
-3.223758808556617117e-01
3.764294595657320386e-01
6.467954583115560485e-01
4.487962900950693834e-01
1.577789940325951823e-01
-6.258354135963035692e-01
1.789017233971418597e-01
2.830149896824661337e-01
4.052299048807902482e-01
2.222041415465143832e-01
5.929941396687613553e-01
8.932514832834286267e-01
3.997626376844548024e-01
-3.627835254861323799e-02
2.387405508657179931e-01
-9.333325240016335789e-01
1.594717742658295911e-01
8.479012719188060154e-02
1.858485438146128405e-02
-4.580261709417997595e-01
4.494445243269696300e-01
5.104774500222817313e-01
1.921598081642530154e-01
-6.280351003424213818e-01
-1.092900979405401651e+00
6.134881644519935007e-01
9.588623650691964206e-01
-2.345859450864547779e-01
-1.466043391298947340e-01
2.119514325209112260e-01
5.058616088061379523e-01
8.966808068617517780e-01
6.167693741187793011e-01
-3.320560531620148637e-01
-2.721005076907446196e-01
-1.534173248532549605e-01
-2.042436318270138829e-01
-1.455402998564175654e+00
-1.973196880945720655e-01
-2.641252122729080831e-01
2.114879440486183704e-01
9.614971928736260054e-02
-3.944442723133793627e-01
-1.335653364442832780e+00
-3.082872238717520030e-01
5.974525550666011098e-01
5.808841439503221737e-01
4.971814757568353560e-01
7.431049999251448934e-01
1.002687170944043693e+00
7.736531306226282489e-02
3.460493486531140417e-01
-2.927061470159138534e-01
2.209707285102361918e-01
-3.776146526483923904e-01
6.737015119710112465e-01
7.026795392515755578e-01
-4.372730562852204517e-01
2.407925983818026971e-01
1.860295728874145904e-01
8.860220190058637479e-02
1.648346077747384342e-01
-4.109536497293240775e-01
5.413443455945030625e-01
9.367589015317072665e-01
1.561359017876088606e-01
-6.001188232543271939e-01
-8.609721146821132098e-01
-9.150566502527485158e-01
-3.838301254879453173e-01
-5.982872835367631925e-01
1.327906700999345324e-01
1.249844013810772064e-01
6.343541673986481666e-02
-8.785578048791373162e-02
6.018453541878365787e-02
-4.242065913215694040e-01
3.735492801989108713e-01
2.616492376543060328e-01
-2.155378847084104821e-01
3.222221264000251773e-01
1.823686734224464964e-02
5.942192558270766867e-01
-2.563385102301186935e-02
9.036207655638438530e-01
-3.853327614459596262e-01
-5.806889501624554750e-01
-1.327143636939343563e-01
-9.106407000931444895e-02
-8.793661619419257391e-02
-2.455192800471960590e-01
-3.244567164041599616e-01
-6.283002318896421801e-02
3.136785325568408611e-01
1.927869629583442157e-01
6.725331008261493659e-01
6.705788367383924697e-01
4.030896236206538696e-01
7.423463206717495488e-01
9.337013957265555275e-01
1.153095488207764641e+00
6.876336714310612441e-01
9.154853286626477571e-01
-5.646334437942287510e-01
9.000853962553008458e-02
-5.501050135286054132e-01
-2.213084148812275720e-01
1.142661077736317338e-01
3.547249034333220807e-01
-1.207246380368114796e-01
-4.864084900451458582e-01
-1.596024862921283205e+00
-4.581434111901540041e-01
2.343000412357937046e-01
9.248139330656261758e-02
2.339954964919249147e-01
4.761295016455092677e-01
-1.510201146185568277e-01
-2.885250372707454103e-01
1.169978210293856347e-01
4.536682773003036240e-01
-1.595168304533506679e-02
5.061217254091641138e-01
2.746612644014861382e-01
1.268461188703322140e+00
1.067794297664930170e+00
1.119630603892529441e+00
1.010319971198968547e+00
-1.587462370841955309e-02
-4.079961507730164860e-01
-4.746949593553759228e-01
-1.121053027908688049e-01
-2.736536109646925952e-01
4.838446010473118619e-02
5.155938738346937944e-01
9.495944794791943977e-01
1.200187032660622766e+00
1.202169011396514442e+00
1.211930480782853925e+00
4.508141382443174860e-01
1.066603822187676132e+00
1.120492056650184587e+00
8.714637544649843637e-01
5.324808187010731109e-01
5.528982708568842552e-01
2.978496657688219362e-01
4.992475157517275997e-01
6.220451965277772333e-01
-1.117330454120191580e-01
-7.929375388804139890e-02
1.585610530555389974e-01
-6.337060762025643612e-01
-4.289478022152866110e-01
-4.811824270333194820e-01
-3.127093253866171652e-01
-7.690077857629902258e-01
-2.583609289364225403e-01
1.697866114490304348e-02
1.048417067640348005e-01
1.917233323368390530e-01
-2.790591785410084236e-01
-1.526739891396881876e-01
1.007124776675168143e-01
-1.359722020298187728e-01
-1.267791732693847928e+00
-1.369751132332827526e+00
-1.044524018270653221e+00
-8.974657397154658378e-01
-4.614528057076637269e-01
-4.262457761532149059e-01
-4.681885235380398025e-01
-5.303476992309736904e-01
-6.547319394943071913e-01
-4.006216802719170245e-01
6.841455253041632545e-02
4.655402770554963321e-01
4.963232113035312976e-01
6.004850149341593724e-02
1.009882750230879644e-01
3.188913391531603830e-02
-1.712517816635364121e-01
-9.672179237328571225e-03
-4.544412569442254357e-01
4.667806425211226129e-01
6.698720423767541288e-01
4.745242450766934406e-01
5.566026700155131124e-01
4.858881618263981572e-01
2.964971316397748691e-01
5.066377754954225487e-01
4.150922617643519330e-01
7.313903508568718737e-01
8.160587026144079381e-01
5.162044419225676473e-01
5.686696277839173863e-01
6.249088168466887527e-01
3.781049743168137245e-01
-2.325165268335022128e-01
-2.527615969392334461e-01
1.270547400464518834e-02
-4.782410312572167310e-01
-3.019660116367888225e-01
-1.618621713296904407e-01
-1.533895153993059202e+00
-1.427323512085148849e+00
-1.927244403024052977e+00
-2.006120060493482793e+00
-1.944939346451647566e+00
-2.292728658852024815e+00
-1.717854406986316862e+00
-4.939982774093368834e-01
1.183254705074112401e-01
7.238684874840778383e-02
2.570717995582186277e-01
1.826364594858453927e-01
2.484976378551978782e-01
5.157847403997375402e-01
7.056641708051255568e-01
5.348603153319244630e-01
2.267113501607579407e-01
4.594534577142702081e-01
-5.724543897909956103e-02
6.498915265549877474e-02
-1.627771704151663723e-01
-5.578168102717099286e-01
-7.048007761046827524e-02
1.180423146346930990e-01
1.169445360163626629e-01
-6.902696656137226050e-01
-3.018660780771464380e-01
-3.193004819195729982e-01
1.905360332202949425e-01
1.351718288617646258e-01
2.220116089495260958e-01
4.616257244937798654e-01
3.307066001186333981e-01
-4.288883751969470998e-02
4.139454378813271496e-01
3.228278743255085237e-01
-5.569000534522866586e-02
6.488788038628248711e-02
2.167913870863013293e-01
-7.114743097416000861e-01
-2.556767412955607832e-01
-4.852705454942203844e-01
-3.403669398471580454e-01
-7.435891126965405995e-01
-5.917171621178177743e-01
-3.700145538146409341e-01
-9.583519656075669690e-01
-3.699797767673402293e-01
-1.216405584409564256e+00
-1.891396850719310851e+00
-9.978452217303165339e-01
-1.909606855567906658e+00
-1.379838478244059141e+00
-1.381474633501447169e+00
-2.730755097330815229e+00
-2.679116387505252384e+00
-2.629763607267057601e+00
-2.753772310727420791e+00
-1.878131360739972555e+00
-7.957516230556372916e-01
-5.163106467848270487e-02
-1.197679424778827384e+00
-7.317541949653246780e-01
-1.763205954614510018e+00
-2.092641693343701093e+00
-9.521790391716221658e-01
-2.387150640923727529e+00
-1.317445597588456696e+00
-1.120735503025659163e+00
-2.185702385255606783e-01
-8.101184264161327420e-01
-1.200011231582377436e+00
-1.102196636202603885e+00
-1.477471348329923773e+00
-1.433958245400521969e+00
-1.319317875322662870e+00
-7.749233547442686554e-01
-8.787885971114312023e-01
-4.724162899103655500e-01
-1.219450687657187005e-01
-3.259707190182613012e-01
-4.064507205123081279e-01
1.447295253594006736e-01
5.401325492614301726e-01
4.808373365038934311e-01
-7.162632713794613026e-02
-9.711053791031433458e-02
-2.644048333279001017e-01
-9.263329028033269463e-02
-1.651884573287801805e-01
-1.866983256248296030e-01
-1.592255934506915160e+00
-1.868493672779629300e+00
-8.579585266250954190e-01
-4.371341495860722737e-01
-4.667117938373926411e-01
-4.833257245820161141e-01
2.092805969021496182e-01
1.829344765372882819e-01
2.056715868058964225e-01
3.257716165261905217e-01
2.854938864490384476e-01
-1.018216497866793580e+00
-1.408953549563175534e+00
-2.064915123796519092e-01
-3.309249035580317383e-02
-9.654501859408211040e-01
-8.067267058448743811e-01
-9.193088418510533266e-01
-2.035631927778526418e+00
-2.023689143915128774e+00
-1.186934131502874301e+00
-1.032325882995267730e+00
-9.282714040981702164e-01
-8.630908740296456827e-01
-5.784072125763544125e-01
-2.159142579407167251e-01
1.214359949176772452e-01
-5.666997212348359181e-01
-6.139256883478718674e-01
-1.154782933223223340e+00
-6.940379515530182841e-01
-1.000908641754161277e+00
-2.470311125609201894e-02
-4.779598419000568449e-02
-6.872610916846131346e-01
3.597059169883532609e-02
-9.487121813911650881e-01
-1.454886711870588024e-02
3.376721980833604086e-01
-1.105058299303726121e+00
-1.146679838609060642e+00
-5.633441073065920124e-01
-8.108844576831712725e-02
-7.377903391912152831e-01
-1.663620303984981730e+00
-9.741506792545251425e-01
-7.329812473222191427e-01
-7.696711625575787252e-01
-1.057784905907455997e+00
-4.152011525361242739e-01
-1.145513410225796003e+00
-1.969810933043047774e+00
-2.597152603747949762e+00
-5.569376894223044827e-01
2.619948855295982371e-02
1.386127578157653473e-01
7.761902562709329656e-01
5.701703548680468747e-02
-1.137270428344110851e+00
-2.545109711522703488e+00
-2.504549252782122704e+00
-2.816678892470149353e+00
-1.174939604257839054e+00
-1.193053150579820532e+00
-1.181460640056081424e+00
-1.059144612193070989e+00
-7.825566121057030422e-01
-1.514466402672237422e+00
-9.118961708351180917e-01
-1.761130903500532918e+00
-1.308862807882024804e+00
-2.910523808033744220e-01
2.459734212728949959e-02
-1.293298124890475131e-01
-6.075497926048123443e-01
-2.179685641488259551e-01
-8.511186526738027114e-01
-5.418301318499537667e-01
-3.487699920560360378e-01
-8.028256362817133285e-01
-1.040745498780522915e+00
-1.174138281145241214e+00
-2.334797420146582425e+00
-2.582682490129428299e+00
-2.320700480181988379e+00
-2.323707207614502224e+00
-1.607150390918789640e+00
-9.301882378278045760e-01
-8.774922260422235443e-01
-4.911636325092599842e-01
-9.971936797610890801e-01
-5.638570960646644981e-01
-1.146058486497295442e-01
2.709555393656360445e-01
-1.106075844097352379e+00
-1.531844055262131077e+00
-2.030975701083460372e+00
-2.445275049763100395e+00
-1.479460612084178450e+00
-1.720627318454788224e+00
-2.460555880654797356e+00
-1.922225838874154880e+00
-2.449147667636787595e+00
-2.492384711365892791e+00
-2.277838083583240358e+00
-1.935048841214089599e+00
-1.388737115065767469e+00
-1.930340495701713177e+00
-2.540671627052600190e+00
-2.034315594455033072e+00
-1.415493483597694446e+00
-1.164517582033029797e+00
-6.659208269942895608e-01
-1.002243353002801651e+00
-1.569918566023572160e+00
-3.311768668897574486e-01
-4.081915677641927975e-01
-5.031696151867622036e-02
1.406788254407043415e-01
-3.661678060126153378e-01
2.401160205654513102e-01
4.160331360183172067e-01
-4.335443878910850146e-01
3.311213155154979493e-02
6.116020336567836724e-01
3.974198862176959168e-01
1.071819353584549939e+00
1.055653932840501685e+00
9.816892451833487687e-01
4.014303281218874475e-01
6.288702368154077682e-01
-7.331944267645320590e-01
-3.015252679855104020e-02
-8.809909306774900140e-01
3.809438143997415649e-01
-4.544988197974216271e-01
-1.206233441985575250e-01
5.693016014753586769e-03
5.593012122866670710e-01
2.890406410652214819e-01
-1.720416757990362311e-01
-3.827301125835637641e-01
-1.239467567583479202e+00
-5.164474213047522966e-01
3.107445975539153138e-01
-2.050712316470177932e-01
6.560018115855932586e-02
-3.541093046806881306e-01
1.114401082465589360e-01
3.498712218812783381e-01
3.706623978854423629e-01
3.376059731672111930e-01
4.067120481725372549e-01
3.912592486900512423e-01
4.967907607082731603e-01
1.685902406276708343e-01
4.072563278614074189e-01
5.347706674378479574e-01
4.203971635655197048e-01
-1.098161578933966931e+00
-1.321767868159264392e+00
-1.508685402058961289e+00
-8.482681259666463580e-01
-1.160806441996114158e+00
-5.875144296636700680e-01
1.296920217996924973e-01
1.560486142222654860e-01
1.813835573878237462e-01
3.033806697958854603e-01
7.066616805728433148e-02
9.386965469783603577e-01
7.169813737337497050e-01
2.452476610220005737e-01
8.947258867388958592e-01
3.316816183968264165e-01
4.106500942052563885e-01
6.598558700743305527e-01
9.951621124617354708e-01
7.229083078769967807e-01
2.905916126200434046e-01
4.019533332453006369e-01
-5.051248395540905989e-01
7.186916370060498528e-03
3.072191322603665675e-01
4.004293369535158464e-01
2.273754638256635097e-01
2.423139458184015715e-01
-3.539257040166132046e-02
1.320447922123824946e-01
-4.370242144282380364e-02
7.517596180171591536e-02
-9.028990333418555544e-03
7.385518232933259153e-01
8.294180834841667904e-01
-6.138160797575796801e-01
4.346306250730411769e-01
-1.003787753006741612e+00
-2.688077042252117743e-01
3.445963721928436141e-01
7.510035665717871289e-01
5.876980967960352409e-01
7.258579305903360979e-01
7.163861436188415643e-01
-2.165842517394334366e-01
1.291019774131583198e-01
1.100987067258609287e+00
1.037829298802923184e+00
5.954985496945519596e-01
-5.228846062450764887e-01
-1.125375032697691235e+00
-2.205571139171394357e+00
-2.486580813271138446e+00
-6.010892995505880965e-01
6.353738779530471170e-01
3.994248175898294506e-01
-1.322350184668285689e+00
-2.627373420755319433e+00
-1.824636886835157679e+00
-7.676257379257787061e-01
-6.250757813887143355e-01
-4.307694561600856065e-01
-3.346528516191143443e-01
-6.431857552619560936e-01
-3.302144525230135130e-01
4.996817110370626036e-01
1.413808558042788099e-01
4.663243197382488936e-01
1.792386227209172844e-01
-1.865494401406048164e-02
4.751586636491113014e-01
2.845957752419341347e-01
3.924825194546085472e-01
9.119253874841091179e-01
8.116908289351435490e-01
7.977582011478057122e-01
9.257494618228848671e-01
1.049641152352033924e+00
9.731971679315187806e-01
-1.835906755946359881e-01
-3.578640290246838662e-02
9.305362166532078760e-02
-1.049891641680481769e+00
-1.712932125283155971e+00
-2.722314961690964985e+00
-2.811857968810491659e+00
-8.515816643859379642e-01
6.464654873777422872e-02
5.010050965146355395e-01
6.379058626290283751e-01
7.503722249035397196e-01
5.339260885340355589e-01
6.988087388800569011e-01
7.718452979527340441e-01
7.445229655067026053e-01
7.414656258656149301e-01
3.422849443812531756e-01
8.131682882798739465e-02
-2.145565058723494789e-01
-1.094614668234846544e+00
-1.645812146064642434e+00
-1.941757834890079470e+00
-1.895878290574324110e+00
-1.027317269994011406e+00
-1.000620629286336216e+00
-7.842336267772453962e-01
-1.814788670626437117e+00
-1.041064935624268273e+00
-2.110411651475328776e-01
3.728881864515868338e-01
7.005034017847058259e-01
4.416825966341275111e-01
2.264244900342237687e-01
2.055731215059386496e-01
-3.676513006162002162e-02
-4.872020693418589732e-02
2.484355239443092056e-01
6.111490480150052473e-01
4.775657685845975386e-01
5.203743636003672624e-01
1.987721933264553764e-01
-3.799010548384733621e-01
7.128490340804080061e-01
7.392278182171506673e-01
1.061753808964144508e+00
1.122457360610153332e+00
1.403828625970782840e+00
1.246346914579104403e+00
1.343229689898632451e+00
1.173150501964621784e+00
1.402127035850202486e+00
1.381225908300686589e+00
1.635989161879081166e+00
1.399987091918714954e+00
1.734571836784924992e+00
1.482404107358869183e+00
1.425970441887027151e+00
1.537059439411864403e+00
1.666127724558599477e+00
1.540181035314305946e+00
1.590881758746448549e+00
1.619324797709176256e+00
1.714985067337951641e+00
1.084413663556285989e+00
1.626201401178705153e+00
1.429307566882073832e+00
1.318117632345662704e+00
1.211270035248287025e+00
1.344105337583661353e+00
1.644416277885462074e+00
1.773764399094253319e+00
1.612654126403029631e+00
1.434378874392911341e+00
1.659298532330324427e+00
1.122048219367015376e+00
9.382698528533076621e-01
-4.345511411336812624e-01
-2.066130506924712229e+00
-2.411071448881092927e+00
-2.149638193841841627e+00
-2.805226012297681759e+00
1.383011051681335146e-01
6.010315121577789466e-01
6.085730960666895228e-01
3.220979020890201161e-01
5.571748676441544701e-01
9.287977344831672699e-01
7.551521965725727092e-01
7.371575736501861931e-01
2.457181985322801354e-01
2.404578905866182337e-01
2.116179651605142875e-01
2.739355647774433522e-01
3.477746679058541512e-01
-2.802677027671211518e-01
-3.802415549610099199e-01
8.370055880506903356e-02
5.601747993323172858e-01
9.568239285998140220e-01
3.377622556037910284e-01
5.674025345683232358e-01
5.186431784875242812e-01
8.065918275000820703e-01
9.361256578232056702e-01
1.161839412290362583e+00
1.392327596462569206e+00
4.242737257312749199e-01
1.100417066698568647e+00
1.485224066905560969e+00
1.430387644078490617e+00
1.157241717903618072e+00
7.693363402823936159e-01
6.631709746621797796e-01
8.229888756607603995e-01
8.202715887920302151e-01
1.070660346783014027e+00
1.004781925901334638e+00
1.321118642199662796e+00
1.271779391116219848e+00
1.180884953153167549e+00
1.201671187032056887e+00
2.013529659122290094e-01
5.510110500149824064e-01
8.815368074997101955e-01
-1.899887555737535205e+00
-1.161721299203130053e+00
-1.044265480198605101e+00
1.171999678163442443e-01
-7.281472730597712273e-01
4.565410276599209949e-01
6.199953119012884262e-01
3.458136821437258202e-01
9.293629552235991298e-01
1.134495914232317437e+00
1.201843890136416126e+00
1.486101198126925871e+00
1.646744751544716667e+00
9.086814301198729016e-01
5.148794380135851556e-01
4.648301885161598146e-01
-1.070897287990106195e+00
-1.550732159156187784e+00
-2.510213778082634573e+00
-2.096393164186082902e+00
5.609607114959532653e-02
-2.169157841730966485e+00
-1.943295770735242067e+00
-6.477688593462482824e-01
-5.934277753161051328e-01
-1.579236710386194842e+00
-2.756547073278311277e+00
-1.653787737229317267e+00
-1.078701253650549585e+00
-5.485010541919794758e-01
3.165775615573179214e-01
8.376238613736408656e-02
-1.343635726456330337e-01
-5.076866193309423902e-01
-6.425877576252674306e-01
1.461312149838744634e-01
4.779485591843762315e-01
6.737353707715107998e-01
7.280401650460293084e-01
8.390539424791286782e-01
9.937533891834202660e-01
9.285398981539475516e-01
1.025989488633006097e+00
2.846430997315554379e-01
5.080201148533065592e-01
-3.614234630367939571e-01
5.517665086109901917e-01
5.600587743267249063e-01
2.754134877276049886e-01
5.780635125951738562e-01
9.496526337171972143e-01
6.956147433912819311e-01
2.819155259313289030e-01
1.244768400846796075e+00
9.278761852816542754e-01
9.761017451710369830e-01
1.004351388025200853e-01
2.547821749698288007e-01
2.871094305759271936e-01
2.611929735139672526e-01
2.740500850651642062e-01
-1.055544491988604783e+00
-9.574261088781852447e-01
-1.764004788310306937e+00
-2.225481183249676143e+00
-1.082636592686180288e+00
-6.294593830307136928e-01
-6.787000187729483880e-01
-2.317385566832752097e+00
-6.751015086154834588e-01
-9.749427482739053685e-01
-2.352984324911187919e+00
-2.805782525530314264e-01
1.025189685087880831e-01
-3.966784921521824825e-01
-5.642752917416962027e-02
-7.312175614930752632e-01
-7.922865327435955063e-01
2.401976635249312153e-01
-9.197790830167030807e-01
-1.147752150385579872e+00
-1.911081835155249653e+00
-1.077314065486355776e+00
-1.416824295208271023e+00
-3.715118435678902986e-01
-2.474142130371941750e+00
-7.691624288017637756e-01
-1.747105503552968564e+00
-1.439429509872187651e+00
2.622714256209462413e-01
1.199877714302210352e+00
1.332715751977499474e+00
1.474021001396102593e+00
1.235020495452272105e+00
6.387480231116805518e-01
-3.318024077303416974e-01
-1.125441756420612949e+00
-5.561612999871278218e-01
3.842734508733274823e-01
7.764284253329666319e-01
9.591234874415390799e-01
-1.297765387334069764e+00
-2.161233842090702351e-01
4.826250843434141125e-01
6.083104928252851540e-01
1.073169477083040002e+00
9.837371359692359540e-01
9.083511138696215292e-01
1.354571245843640304e+00
7.120646133303851766e-01
1.162070988104303426e+00
7.553402528108162928e-01
7.261376634807251707e-01
6.347051909700811567e-01
7.425711275028038516e-01
-5.627128816521971277e-01
-4.847704637717052956e-01
4.434164965671047454e-01
9.508556769156012445e-01
4.283637417181865303e-01
-6.028507072588600302e-01
-2.791658715072068642e+00
-1.025785598942262178e+00
-3.142249734548398232e-02
-5.416456665905765577e-01
7.805890948398135354e-01
1.047499609756759043e+00
5.803073814749506454e-01
1.117595808280865549e-01
2.418198437383382582e-01
1.569393926674670092e-01
-6.333186731171929207e-01
3.249522355958817110e-01
4.421474878444552892e-01
9.290818332835276694e-01
3.118572834866759624e-01
4.301557288355535302e-01
5.135046956434009546e-01
6.242631469116849408e-01
2.439221289438455453e-01
-1.208140586511809111e+00
-7.439465282783693789e-01
-1.344566288336224158e+00
-2.498322336069081828e+00
-2.597530719362829643e+00
-7.847380273126218775e-01
-2.488826303037005250e+00
-5.908611866494133391e-01
5.142842876222163406e-01
7.641114837071338872e-01
5.867959995390549244e-01
3.177611814901667442e-01
6.673662770371457942e-01
-1.937083695631980351e-01
5.511740904623764203e-01
6.620371842549119812e-01
2.441731624529636380e-01
-1.205898187624849571e+00
-4.863454633423618945e-01
5.146706598703376656e-02
2.851190927677304532e-01
-2.722271242675866620e+00
-5.457001041067793823e-01
-1.387390627658878328e+00
-3.240607023428070943e-01
4.009968911797784918e-01
1.274089375170897043e+00
1.236303556365005996e+00
5.972354342408643380e-01
-1.381540058737497967e+00
-2.815610800240769263e-01
4.438515409681869084e-01
1.192502002189443910e-02
-2.329459963026484282e+00
-3.404233523299387554e-01
-6.259105542092288088e-01
-1.059794936484312222e+00
2.263862191405134894e-01
2.023968461645356542e-01
-2.007288977799397856e+00
-1.724182789506377267e+00
-2.734797323406433556e+00
-2.190970860475473181e+00
-8.192014110790717396e-01
-7.728710979603446996e-01
-4.517331036638445596e-01
-2.754541235466977933e-01
-4.415955761288061776e-01
-2.795710010401443180e-01
-2.895050506625174713e-01
9.136833866583465164e-03
-4.661216687470355891e-01
3.194121026673291674e-01
2.342476964577803467e-01
5.763371930470488902e-01
6.930090521874597842e-01
2.908671515885706271e-01
-3.240443386010871674e-01
2.892709494565476325e-01
-3.607681585075850350e-01
-1.360455001417557153e+00
-2.688839960047705313e-01
-3.954820781895361792e-01
-4.152264448852424628e-01
-5.554415666103030419e-02
-6.440889768878719224e-01
-3.154151824145334237e-01
2.643062653004558671e-01
8.152081246163992434e-01
9.308642261190298584e-01
8.614598613340433975e-01
7.435625712922488972e-01
9.363359253207456101e-01
1.316353051087612858e-01
-9.825902983219744757e-02
3.286227202910112499e-01
-2.997115918290313985e-01
-1.179431375736182674e-01
4.179516239766707386e-01
4.107090654505648475e-01
1.880915924493313518e-01
-3.054988602909715634e-01
2.708818907225118977e-02
-1.372875852599650282e+00
-2.687690272779256873e+00
-2.485704445210697777e+00
-2.426462903335497412e+00
-2.483676654157088048e+00
